0.3162392351535888
0.1709401912116029
0.1709401912116029
0.1709401912116029
0.1709401912116029
0.005000000000000001
0.024577065146100925
0.014855841694471142
0.0770611736934303
0.043167468880620286
0.07474466995957364
0.03588461921334604
0.005000000000000001
0.02912915938163883
0.005000000000000001
0.03257633802471184
0.005000000000000001
0.009484247912420179
0.06881488988720856
0.005000000000000001
0.02009795870886838
0.012826641671062022
0.040401527371302426
0.025941659381638827
0.012813478900585935
0.034154242007146805
0.03761727945888224
0.0643828298520355
0.029759551169147382
0.06175764294595065
0.03088860669191426
0.03881077647580601
0.031192747119648825
0.04580306997807655
0.07825651447441252
0.026984157572741193
0.0331043609595545
0.025219877791347857
0.020324580710725754
0.020351798611514413
0.016823541702486584
0.01747238158405538
0.013931328548752774
0.014763711703048646
0.007293170258255037
0.011091678382271816
0.018997383660567142
0.026659437633495077
0.02020216529466904
0.011801631600948895
0.011496867240545446
0.022784697919771002
0.020314890501796228
0.01629603680075186
0.048108429819980245
0.016996025108137615
0.03788418418316327
0.011934441037228268
0.014871365061962348
0.01104732177229151
0.009240712670163373
0.009865459171721071
0.02008118637692682
0.013074865831649664
0.018083856757191524
0.01838649430087069
0.0131001709261431
0.031123640525026596
0.01541003110562477
0.018946284182714993
0.0180792493584399
0.053712557527114145
0.02928900520865017
0.016832046422964417
0.029293996398193307
0.007015592989123073
0.011052633408592564
0.009240712670163373
0.03352987656109442
0.010698236906362959
0.022481341842816225
0.030668162419697557
0.016950348062604804
0.0326831087208685
0.014404964195219985
0.3576163319986344
0.1324501434291567
0.1324501434291567
0.24503323771389554
0.1324501434291567
0.020096317759074524
0.04703191466531731
0.02816725551196997
0.02604067955292288
0.0296282206966569
0.024730981593257192
0.023947400676700016
0.027020645260299323
0.02504026896712834
0.05199094813981567
0.0440593907390843
0.04554058703429138
0.022746807795162718
0.038367774015664075
0.029108599355902286
0.042823642379445526
0.033566635078534565
0.026520683408061067
0.06870162158629832
0.02566615814809154
0.040719660917495584
0.03065034278831819
0.017459207515837155
0.03788470700390016
0.017519448808779804
0.04947039295719133
0.026028836448315974
0.024044227359769774
0.05110594216535028
0.024320701671363788
0.02609330489502202
0.026217095196447795
0.0239053960493579
0.02414842151301939
0.013108351326330238
0.014128500202097743
0.028686146295050872
0.012209044744475142
0.01990305388341082
0.010117275703129298
0.02149596957214584
0.027398546649778168
0.02245314809241131
0.025821148011806547
0.022468851581639016
0.020046130042290708
0.01509010843436525
0.01700845715915817
0.0189688333517823
0.01732668877222997
0.015325988247530169
0.020156342138204577
0.017275890412072992
0.021887313634566016
0.01664876963191323
0.02739636883985935
0.020946815101712635
0.01341802113644207
0.023727290140886148
0.01654029553691088
0.02109133422328413
0.01829713821396487
0.02156783865985068
0.02051121786829997
0.020631376349029153
0.01928530650414027
0.021611271659784548
0.018309668655244436
0.017747906572169656
0.015802107171997117
0.017900337032561664
0.020907030606122215
0.025774585864677534
0.03293157921837487
0.02192099884107881
0.015780193239024916
0.012649524834127264
0.015587943988882292
0.013640150039634953
0.02813492416170395
0.12883593279149966
0.31395817008599264
0.16970744016019135
0.16970744016019135
0.2177910168021251
0.04697090897084487
0.02537241046574604
0.040859141886227884
0.028233537660357026
0.02779194871976032
0.037515988979925835
0.03217756361971488
0.027175815532655377
0.022185278137407883
0.03311029641363831
0.0365580406186129
0.046102016535368245
0.03644038023998514
0.02921345393907459
0.04532804004724521
0.04158745297258479
0.028791998934966333
0.029791867029423037
0.027523657656360313
0.028611691618984827
0.05197649092767832
0.031337516561905365
0.035318251725249133
0.018881879550321515
0.017892089114673805
0.023237335040625237
0.038279249280391045
0.03986655053061845
0.028425039761258257
0.04344410752839499
0.021761120378630414
0.02654901039679627
0.0178014854791232
0.01985017099499306
0.01868209677617802
0.018374410693693895
0.020120089460896877
0.014399768295551516
0.02063138013258735
0.02125177057469631
0.02332755937125627
0.0157528959502338
0.025260481185579515
0.022349563424409677
0.017997879035673726
0.022326928461437173
0.017725608468233088
0.01679193706989525
0.021864199065918116
0.016142395918390656
0.017245237378130128
0.015345022596024365
0.021572179749145867
0.013113573642794859
0.016340241670828277
0.01702697487294238
0.02445671526604968
0.02144303064731539
0.030033459352006728
0.03207647485295912
0.016986704347107473
0.01700448499495211
0.018484556771190437
0.01771263864225495
0.016481404975979094
0.01711443354089583
0.01838326073218612
0.016248270385756592
0.01658019294405578
0.022793851549563093
0.018038759767790336
0.020222762382261898
0.02571338572037565
0.020776790478280405
0.02189879020874475
0.021830463000253802
0.029660031254561223
0.017954995101637068
0.015345148721256805
0.02315541331852546
0.18933258929540883
0.3757663608609381
0.3749010498436535
0.030000000000000006
0.030000000000000006
0.40437634493801256
0.2103604764155488
0.32526317864643906
0.030000000000000006
0.030000000000000006
0.20245010505342215
0.3617839539540448
0.3757659409925335
0.030000000000000006
0.030000000000000006
0.20272462540946487
0.2667367886096905
0.25892191091956507
0.0109707463688023
0.08895374821317416
0.005930133161268884
0.005930133161268884
0.005930133161268884
0.005930133161268884
0.014856219069953425
0.006770235362524453
0.005930133161268884
0.005930133161268884
0.005930133161268884
0.005930133161268884
0.008030388664407806
0.009941621184470699
0.005930133161268884
0.0109707463688023
0.005930133161268884
0.005930133161268884
0.005930133161268884
0.005930133161268884
0.008450439765035591
0.005930133161268884
0.005930133161268884
0.005930133161268884
0.005930133161268884
0.005930133161268884
0.005930133161268884
0.16965571463852558
0.13457567077004018
0.06614075544418176
0.031482785969003876
0.013580672628504471
0.013580672628504471
0.013580672628504471
0.11182549038778362
0.02223815142271346
0.013580672628504471
0.013580672628504471
0.013580672628504471
0.019352325157977128
0.013580672628504471
0.14306848211793957
0.013580672628504471
0.013580672628504471
0.013580672628504471
0.013580672628504471
0.013580672628504471
0.013580672628504471
0.013580672628504471
0.013580672628504471
0.013580672628504471
0.013580672628504471
0.013580672628504471
0.013580672628504471
0.0164664988932408
0.013580672628504471
0.013580672628504471
0.2525936320529045
0.13126280375129343
0.08717640059616834
0.011505242866244611
0.011505242866244611
0.011505242866244611
0.10159748196859751
0.011505242866244611
0.011505242866244611
0.011505242866244611
0.1280028782806675
0.011505242866244611
0.021285019278122392
0.011505242866244611
0.013461198148620167
0.011505242866244611
0.011505242866244611
0.011505242866244611
0.011505242866244611
0.011505242866244611
0.011505242866244611
0.011505242866244611
0.011505242866244611
0.011505242866244611
0.011505242866244611
0.011505242866244611
0.011505242866244611
0.011505242866244611
0.011505242866244611
0.011505242866244611
0.27233901411976036
0.0974842609102346
0.1506006823709299
0.0746402013171678
0.005377369632413923
0.035892177547798436
0.005377369632413923
0.005377369632413923
0.005377369632413923
0.005377369632413923
0.005377369632413923
0.005377369632413923
0.005377369632413923
0.005377369632413923
0.005377369632413923
0.015432891213660463
0.005377369632413923
0.005377369632413923
0.018752113841671917
0.005377369632413923
0.005377369632413923
0.005377369632413923
0.005377369632413923
0.005377369632413923
0.005377369632413923
0.08254561844228543
0.01288636302100712
0.005377369632413923
0.005377369632413923
0.005377369632413923
0.005377369632413923
0.005377369632413923
0.005377369632413923
0.006900933508360369
0.006900933508360369
0.02063180822020005
0.005377369632413923
0.005377369632413923
0.005377369632413923
0.005377369632413923
0.005377369632413923
0.005377369632413923
0.005377369632413923
0.005377369632413923
0.005377369632413923
0.005377369632413923
0.005377369632413923
0.005377369632413923
0.005377369632413923
0.006030325579248114
0.13786396840640655
0.14054199700182796
0.10402212920472256
0.007167656568613425
0.054569035043810755
0.007167656568613425
0.0330797751337874
0.007167656568613425
0.007167656568613425
0.007167656568613425
0.007167656568613425
0.007167656568613425
0.007167656568613425
0.04446798943071084
0.040078654203754976
0.008386123420775682
0.013259990829424712
0.030404717609880186
0.022253436643003274
0.007167656568613425
0.016306157959830356
0.0310564699018144
0.03142010665334873
0.007167656568613425
0.01644374068250462
0.007167656568613425
0.007167656568613425
0.007167656568613425
0.007167656568613425
0.007167656568613425
0.01822004908825761
0.013259990829424712
0.007167656568613425
0.007167656568613425
0.014130324295254895
0.007167656568613425
0.007167656568613425
0.007167656568613425
0.007167656568613425
0.007167656568613425
0.007167656568613425
0.007167656568613425
0.007167656568613425
0.00803799003444361
0.007167656568613425
0.007167656568613425
0.007167656568613425
0.007167656568613425
0.007167656568613425
0.007167656568613425
0.10392479762520883
0.10547272199965252
0.18924150596583267
0.04243287981813603
0.05733893171307941
0.00673354583761919
0.00673354583761919
0.00673354583761919
0.035859377041444464
0.00673354583761919
0.00978596926311521
0.00673354583761919
0.00673354583761919
0.00673354583761919
0.010811386135472393
0.01007213395925546
0.00673354583761919
0.00673354583761919
0.00673354583761919
0.00673354583761919
0.07466100931481442
0.00673354583761919
0.008641310478554202
0.02416573862201748
0.00673354583761919
0.00673354583761919
0.00673354583761919
0.00673354583761919
0.00673354583761919
0.00673354583761919
0.00673354583761919
0.00673354583761919
0.009595192799021709
0.00673354583761919
0.007687428158086696
0.00673354583761919
0.00673354583761919
0.00673354583761919
0.00673354583761919
0.00673354583761919
0.00673354583761919
0.018917743014425812
0.00673354583761919
0.00673354583761919
0.007687428158086696
0.007878204622180198
0.00673354583761919
0.00673354583761919
0.060352774507801826
0.00673354583761919
