0.039441535780994755
0.08423794349734642
0.09469593470942034
0.047282597416977774
0.09686986373418716
0.047497504092908566
0.08473346565745798
0.0865550571226816
0.04979120449695005
0.07267777577893073
0.06440758686859227
0.09157816621607828
0.03850566861153545
0.045077856641382974
0.0566478393745557
0.16498485447795772
0.1399646485756166
0.1269888473805449
0.1194550216531613
0.09849184205748526
0.022350445078597164
0.14896078014785974
0.022350445078597164
0.022350445078597164
0.022350445078597164
0.022350445078597164
0.022350445078597164
0.022350445078597164
0.022350445078597164
0.022350445078597164
