0.0004221534630439496
0.00039414558417172335
0.0004043699561462345
0.0004279676982778826
0.000403274318681859
0.00040842746264685615
0.0003882921298249238
0.0003839629774123982
0.00043117016491610804
0.00040749361883359145
0.0003728496495528838
0.0004024569799919547
0.0004176539683620496
0.00039226738857878196
0.0003950537987914777
0.0004158484125371735
0.00039173952660385915
0.00039421994595734025
0.0004347144814051451
0.00038263356393820815
0.0004032990550905129
0.0003863690479048066
0.00037392941133377607
0.0003887686394875867
0.0003837221221127477
0.0003771414000460598
0.0004120824969275099
0.00042240918100274003
0.00037747435028427986
0.0004031706003725182
0.00041530499993659546
0.0004380564018371584
0.0004237832469682559
0.0004119918040003994
0.00039681290779696864
0.00041321865077002253
0.0003900577855337727
0.0003925611526384158
0.0004116082638091821
0.0004166138639324652
0.00041748547464477725
0.00037572203330348214
0.00040399443786576304
0.0004105398413884656
0.0004163209835580126
0.00039706241272557475
0.0003970869044937415
0.0004004503412442258
0.00040370531545549714
0.0003959548521569326
0.00036758286117697395
0.0003787824189095791
0.0003875647927530974
0.00039800915034859686
0.0003962073817593199
0.0004209567605478367
0.0003998947441394049
0.0003966358914740139
0.00039748187852779097
0.0003896315452153139
0.00041655744794601916
0.00038761656405302404
0.00041893190847163336
0.0003975485930340948
0.000400971528774026
0.0003970187776552242
0.0003973307151812218
0.0003930958357336371
0.00040417460570189845
0.0003945115940819748
0.0003746634133606354
0.0003942866573053306
0.00039920260623423385
0.0004157811059844192
0.00039610955731310025
0.0003844250349617997
0.000376959812968955
0.000408398925094232
0.00040229944937185527
0.000383032205497254
0.0004184417497257363
0.00040760588030824395
0.0003985890600417501
0.00040162349643490375
0.00038325807691563985
0.0003859301794366132
0.0004079874372540413
0.0003807559090293425
0.0004027264367050158
0.0003950057950662775
0.00039745038614535515
0.00041849023607140216
0.000392051406106531
0.0003723204647586356
0.00043945402725548133
0.0003844469210730925
0.00038992271034643045
0.0003912504699842202
0.00039604217167504217
0.00042129870028072524
0.00040183813629990784
0.0003860313577184272
0.00040709711499068563
0.0004127223081481543
0.00044362048440865244
0.0003971504637448817
0.0004034061924261632
0.00039209943001624145
0.000403538370684149
0.00039749679735216656
0.0003933871596405648
0.0004179023943935312
0.0004008187526451449
0.0003931170685579678
0.0003994947231299425
0.0003948106377488665
0.0003928944313029202
0.00038148762263572517
0.00042259640805362964
0.0003852710923859029
0.0004160425483768661
0.0003906273124838619
0.0003949034405153616
0.00039559785654590644
0.0004156477632343167
0.00043007128748440826
0.0004339345526423625
0.00039558534916645226
0.00039615251757333265
0.0004024726532008633
0.00039015684593070803
0.000375203646076892
0.00038555991157359964
0.00041150077356760074
0.00040114184761873116
0.0003995330942350095
0.0003981828044263945
0.00040820063736269827
0.0004125862107699004
0.00039796225816493883
0.00038974750384920375
0.00040101372034843604
0.00039959577798693116
0.0003652923731798741
0.0004172439129093705
0.0003911818899356899
0.0004038625022126346
0.0003841913445903623
0.00040411770279328354
0.0004132840249320994
0.0003906793039317861
0.00039855035626333053
0.0004181176048348691
0.0004049354433131798
0.0004114002326684142
0.0004032522103051262
0.0004063330457334795
0.0003827307750182744
0.0004077212224510724
0.00037883140234605696
0.00038995656796184764
0.0004065595646768473
0.0004169406589212001
0.00039749281500463084
0.00039597382552858466
0.0004178797229365128
0.0003798673433669725
0.0004120784082882886
0.0004207874786529831
0.00038351778458416727
0.0004082659615234688
0.0003964259923747819
0.00040011328484402137
0.00039755262426316706
0.0003900922091293573
0.00038898961798715907
0.0004156522704297394
0.0003947351022014014
0.0004090434112580303
0.0003975924745518279
0.00040842491134957095
0.00039076063384000954
0.0004097411143914082
0.00039946487636613784
0.0004147392227977001
0.0003868567694322039
0.0003768243666379385
0.0003888858764080762
0.0004269703898114483
0.00039341917891123305
0.00039411386484041383
0.0004112789637063153
0.0003909773801610274
0.00040925045380556886
0.00044067918042833083
0.0003850924798082804
0.00038332380489888276
0.0004076955642339228
0.0003947703968220331
0.00038285503154793276
0.0003805405600041035
0.00040892071591513984
0.000404251604293284
0.0003946986848974062
0.00039296275517018497
0.00036746673295915056
0.0004167927206633069
0.00036668217185713953
0.0003873242601483283
0.0004213495987275358
0.0004092574376548845
0.0004184014083829684
0.0004259185749134354
0.0004020837087215898
0.00039930934128930035
0.0003754593131115716
0.00043238611633517456
0.00038529646350657506
0.0004327995607367444
0.00040653203259550727
0.00043077505932867944
0.00040244403995481936
0.00039481715897638083
0.00040555029579045443
0.00039913590085068057
0.0004050435132113114
0.0003900807766872753
0.0004028470382426167
0.00039700418709244186
0.0004040928806148099
0.00040414497106082214
0.00039191883649006563
0.00039015294826087374
0.000405694980238205
0.0003804289098854386
0.00039606110966189644
0.0004085761380095519
0.0004194849136518547
0.00041428389675276194
0.00040664990789392863
0.0003793752829994628
0.00041270156711350434
0.00040407951302109507
0.00039582843355826896
0.0003935319069733778
0.00039904579358555014
0.00038714758636645665
0.00038866142345211425
0.00041106325750331607
0.000387400927676186
0.00041556899755979833
0.0004058214174199806
0.0004062998642595909
0.00040867978290371534
0.00042061047808316244
0.00039872121548354804
0.0004002195398598673
0.000414368592276401
0.00040473467339656157
0.00037745422332054293
0.0004061937363718386
0.00040311828613501255
0.00039610538479911586
0.00040561095271518315
0.0004089169752821212
0.00040121269276959047
0.0003968598044296953
0.0004003303767209077
0.00037410604181487955
0.0004024411761597971
0.00039034761168989284
0.00041928327026359737
0.0003793084960115698
0.0004006546456390154
0.00040543760568042224
0.00038499759980914646
0.00038748664261513497
0.0004003226231301602
0.00040452160199910245
0.00039644586904016984
0.000430507734401292
0.00040469964090297084
0.0004170776633580783
0.00038227757229138316
0.0003849122368316268
0.00040440167036229273
0.0004142064742294079
0.00042898802434018654
0.0004104590563128693
0.00039667488128604324
0.000388737497782772
0.0004216215125055149
0.0004148046566230443
0.00040893912891674656
0.00039122883708471917
0.00038170418476757094
0.00037352433850154865
0.0004097427926813237
0.0004002606409685864
0.0004137072769907754
0.0003948549607286076
0.0003915137657059878
0.0004189906884197857
0.0004022593071497014
0.00043291588945130376
0.00039956341919978683
0.0003996342910278154
0.00039554167565687936
0.0003877805239960606
0.0003950561828218032
0.00040720000015305804
0.0003961983527777762
0.00039805288297000443
0.0004277295283970449
0.00040284096991157354
0.00040124493389249614
0.0003988358704908852
0.00038655873375258165
0.0004046945534906161
0.00039781372051659784
0.000410269307256318
0.000393336326258697
0.0003971851760252374
0.0003971881674584596
0.00039343231101058093
0.0003668648297957328
0.0003986823683981823
0.0004044479241697074
0.00036806185032538306
0.0003965493115808408
0.00040787288251936644
0.0004120611176667593
0.0004158580658090893
0.0003897119214924876
0.0004075124982696114
0.00041333444590808163
0.0004020928456493369
0.0003921505155686169
0.0004118764458405375
0.00039463856167078985
0.00039176242179637423
0.00040043545654207605
0.00040247764542847617
0.00039445922380669773
0.0004161458523562101
0.00039689063376417835
0.00041057614747463136
0.00038514142193740616
0.0003981258774082539
0.0004286598450187691
0.00039945027388014424
0.00037831373668867737
0.0003921782381441511
0.0003932543282470799
0.0004110792234857459
0.00040696799686652595
0.0004026801099295676
0.000416324351288905
0.0003909152626340983
0.0004080200215295921
0.0003944579314398052
0.0004034160318756911
0.0003926576103784066
0.00040728977499350456
0.0003820017397066223
0.00038624486488064204
0.0004137422711352315
0.00040092770142641427
0.0003955964045432894
0.00041263856141756636
0.00039354349643756174
0.0003936358378905479
0.0003864420414742093
0.0003785840094132509
0.00037939204442213734
0.0003986223821771021
0.0004127651731052279
0.00039429193197939677
0.00038949915023837574
0.0004028988850474358
0.00039929181063874707
0.00041900524988281097
0.0003802124240482772
0.0004015145828077886
0.0004226044213723506
0.0003848655662942436
0.00040686462149690103
0.0004021993949254589
0.0004107693325341872
0.0003967240549770417
0.0003919762465297369
0.00039928865553404065
0.0003990729164325119
0.0003947328648074786
0.00040188454022789077
0.00040702052081572384
0.0003964668612746877
0.0004425662411729519
0.00040148615660565206
0.00040801268372917985
0.00040904933646978506
0.0004143027914830569
0.00040827638763598175
0.0004049781874505774
0.00038348372117350107
0.00042258125093483584
0.00038000015256217136
0.0003943237029032911
0.00041684093468502895
0.00041394945905279284
0.00040761050389576196
0.00040657646641972296
0.00040581895836934884
0.00039139550391174534
0.0003926433876688879
0.000418663985733159
0.00040280896517528106
0.00040449686037524675
0.00039183863500701164
0.00040851181890351636
0.0004118620439841707
0.0003856553909032182
0.0004219637616003736
0.00040291212752238887
0.00039320423641764487
0.00040241327650143856
0.0003906154536996301
0.00041323832960835284
0.00040998526472758667
0.0004000533392097502
0.000405386163664993
0.0004290146089248353
0.0003965813517557809
0.0004155988130534124
0.0003897601718093593
0.00039753634619935796
0.00039807943899103614
0.0004288917972054524
0.00040413091542544166
0.0004159310425593046
0.00041566884621261875
0.0004154278961393448
0.00038540317224403277
0.00037733863228860186
0.0004126272731392043
0.0004044316846875058
0.00039758762929479214
0.0003773432435097653
0.0004073663199317653
0.00040460351341384883
0.000397003903852013
0.0003930941409930562
0.00038872661354256153
0.00041930881741972166
0.0004070128007461659
0.00040863822962073634
0.00039194067680350025
0.00040402548166158206
0.00039787329464044597
0.0003815964672113522
0.0003879591935302542
0.0004169990266023317
0.00041806599565214294
0.00039695643356494866
0.0004109550531791508
0.0003994967821892089
0.00041488696771722357
0.00040101128595710137
0.000385599739204523
0.00040524795352726134
0.00037071475103235346
0.00040133236543183563
0.00042597301770916574
0.00037117162863717075
0.00040359579144563556
0.0003911279925562788
0.00039203788759026656
0.00038075618985898855
0.00039287422381660157
0.00039523400081807635
0.00038086912654407826
0.0003937156144088915
0.0004139799644207852
0.00040104953961153666
0.00039705801088083697
0.00038709218218114106
0.00043448624634949206
0.0004067020152599992
0.0004138571680852052
0.0004110599389185938
0.00039626985307148274
0.0003860141566488175
0.00041025472012044475
0.00041712067703803375
0.0004138859118002405
0.0003986638546610364
0.0004069395832613694
0.00040409730354773856
0.0004109847470587416
0.0003791437633988094
0.00039662359419054245
0.00039783340223798
0.0004085768545620397
0.0004182590068277826
0.0004314857456548808
0.0004096272479131072
0.0003966742134080202
0.00038463513165333876
0.0003966768378612788
0.00042914714526414723
0.00040847215979263545
0.0003825734950102434
0.00040277202969252966
0.0003976771072222595
0.0003669643103596347
0.0003901975394683494
0.00039691047220094116
0.00039656587579418835
0.0003951291923595723
0.00041370820071867415
0.00040852077361287656
0.00040878158074880765
0.00041874801790332757
0.0004103399872984723
0.00038535374359735834
0.0004091898417461833
0.0003973757214327965
0.0004137590577215393
0.00036849011380454095
0.0003782527197286003
0.0003797888745371534
0.00039424939140844184
0.0003734177951286335
0.000393060693358014
0.00040710287937764
0.00039526520444968874
0.0003989150447897803
0.00039535814635901053
0.00041555290398146105
0.00041004423376168853
0.0004020684389098203
0.00037908102761836183
0.00041230738305404106
0.00040080593928848923
0.00041159750441287967
0.0004064246298082336
0.0004061253223356906
0.0003852428834804821
0.00041894355597676714
0.000405220191919511
0.0003957210738574094
0.00038445738713926807
0.0004222750247710325
0.0003737361825222273
0.00040669208263079555
0.00039608131729027446
0.0004165160658154683
0.0003805833140332587
0.0003974594644476546
0.0003804906344642104
0.0004089053153713808
0.00040313991750570423
0.00040877537489730434
0.00040863862573549495
0.00040002172366918574
0.00039533358638418523
0.00040739800895765054
0.00040575806302007943
0.0004032737784738691
0.0003997813734311554
0.00039894438504590915
0.0003946180977300355
0.0004008180436906294
0.000403658308407151
0.00039598360288755003
0.00039382251806078605
0.00041626218665041955
0.00040541459702315036
0.0004005121719223369
0.0004002272428699737
0.0004112124133720272
0.0004029504831437757
0.0003886704798396922
0.00041376076886432333
0.00041641348658129774
0.00041363728555600875
0.0004189738968139426
0.00041109826700723613
0.0004080685696020449
0.000421558428356082
0.0004045748177175876
0.00040984803796160503
0.0003872589404477696
0.00041323707365163763
0.0004090251746239457
0.000373965769574314
0.00040206359111765616
0.0004396746477140502
0.00041839074456592154
0.0004032571809085806
0.0003971088233674196
0.0004163072910716979
0.00040017996516910416
0.0003958702454483423
0.00039156624615664513
0.00041450717536156245
0.000401404410648988
0.000409967857987799
0.00038218993177259903
0.0003873002688859613
0.00040199671348460105
0.00041367137901451574
0.00039039039637330566
0.0004173839594976428
0.0003883402416772681
0.0003873971610248069
0.00041332688343050696
0.000375518290044216
0.00040411340752137656
0.00041213591548424624
0.0004066180051290968
0.00038899282123709336
0.00039100586999620376
0.0003796126387818566
0.00040464084544316513
0.0003913422385407247
0.0004091563970279614
0.00041569517467109323
0.00040365324528729326
0.00039419362129222246
0.0004258878941143099
0.0003770956643075029
0.0004065113135962014
0.0004025386526747372
0.0004023270605279517
0.00039691075524132027
0.0004048935154365987
0.0004088242305520307
0.00040353933545251067
0.0004203480710296303
0.00040276476394629794
0.00039396531788241313
0.0004313674117091158
0.00039126501071947
0.0004062956031728452
0.0003867053596719384
0.0004096023979250053
0.0003735641556462665
0.0004106042439266094
0.0003962219982222167
0.000388641036480759
0.0003877224221219049
0.0004060957667044982
0.00041682245585125764
0.00041569943718224847
0.0004105906854482357
0.00043339986732891697
0.00038253163325905736
0.0004018867803439538
0.0004288476993426137
0.00038127004942988956
0.0004185459733012571
0.0004009935467372631
0.0003896587366693728
0.0004095291099239366
0.0004140234513509563
0.0004114495026871861
0.00041903612019012523
0.00039729408219611083
0.0004055082878411431
0.0004109762521911166
0.0004154059956912391
0.0004101150914924064
0.00039810360336432293
0.00038976963516043487
0.00042756942718481203
0.000394322697396281
0.0004005778289134573
0.00041802502751865737
0.00037242594890790913
0.0004009214185741735
0.0003880903767220606
0.0004110137138748797
0.0003992653149649239
0.000403446275049511
0.00040001581882948646
0.0003953842423051191
0.00039263663216262626
0.00043430785259051716
0.0003964314393847922
0.0003859056758170988
0.0004131517911994271
0.0004258173498328357
0.0004015788242657814
0.0004227949454743665
0.0003974307531860218
0.00039831295391681723
0.0004265037260005901
0.00040592209797396555
0.00040012184186958953
0.0003865695533784114
0.00040683029627931223
0.0003973118336244171
0.0004143235501579338
0.0004195063947143123
0.0003778961438743486
0.0003939656149091461
0.0003958627013343713
0.00042031467178894324
0.0003994964407235385
0.0003996486156769227
0.00038292511312357745
0.0004077605675796448
0.00038296710029017434
0.0003925454499873883
0.00040734694343693464
0.0004083849720969932
0.0003863127125530759
0.00039309887445051984
0.0004028769792378917
0.000387048801691012
0.00038542877579300264
0.00038637608679458434
0.00038847437271695873
0.00040223677916167224
0.0003856561360900648
0.00039275595796835975
0.0003794542255297065
0.0004106774029841551
0.00040494921984151553
0.0004195136877766499
0.00041289257271432225
0.0004144621648871125
0.00037803767605007433
0.0003934155755948625
0.0004156601589950997
0.00036731415789647214
0.0003792477718174299
0.00039891417044419874
0.000410520782982512
0.0003970654719687208
0.0004039216410530819
0.00039917126421689996
0.0004042856191422545
0.0004011558312886025
0.00038554210823781005
0.00040970275058664006
0.0003777101445347563
0.00040469729441807096
0.0004143874267097448
0.00039388887516006096
0.0003958894823902571
0.0003935874040606117
0.0004186467871043014
0.00037851176407671867
0.0003791991716779887
0.0004134625404568861
0.000383680969484688
0.0003826275299062636
0.0004037938893617583
0.00038636493712269573
0.0003899086186715945
0.0004102107872532521
0.0003711608563779223
0.00040892450908299464
0.00041738173214963756
0.0003781283320554222
0.0004058532016841496
0.0003910708263063839
0.00040040335315550773
0.0003982762322816233
0.00038907435029595456
0.0004036169025415139
0.0004030722987473743
0.00040059240811249683
0.00039686058473498127
0.00038125632441414367
0.00042761560871859376
0.00039870533992118095
0.00040284831644109905
0.0003888283659837989
0.0003925039511818605
0.00040641352430296
0.00041142794590937526
0.00040186259651086307
0.0004113703510272239
0.00039241716978308765
0.0004058424121407757
0.00038665499372382014
0.0003977913760207535
0.0004249985090247685
0.0003849480575984982
0.0004215827374195603
0.00038921436261741963
0.00039824418598955933
0.0003883195363743826
0.00038970150800961625
0.0003960654647183913
0.000384869965839829
0.00038442076590091247
0.00038726535903049503
0.0004050084539294418
0.000382568898146817
0.0004048552151157283
0.0003884808864001469
0.00039610576335560405
0.00042241768172056527
0.0004084100094580759
0.00041034828423718207
0.00039027243069029587
0.0003905579463691199
0.00040861377152346057
0.00041417310524066107
0.00038604956977537767
0.00038333584206266423
0.00041310013447104764
0.0004032258983545053
0.0004097012988961448
0.0003902020607029221
0.00038173405507379286
0.00037790375601382003
0.0004052684189125801
0.00042424498665235715
0.00041572146664293846
0.0003753050102922732
0.00041376985803315454
0.00038149703390937743
0.0003834001513091545
0.0004148874656829896
0.00041992881357006046
0.0004004098107828383
0.00041686675881133294
0.00040821123833407807
0.00041526072307278706
0.0003999626871546873
0.00039907831425991966
0.00040244855350334366
0.00040868679384031115
0.00040214042605269366
0.00041223941612376176
0.0003994701975720178
0.0004005614588366878
0.00040092856934074013
0.0004006587385665044
0.0004059807575507763
0.0004064773824774409
0.0004088695336348663
0.0004044521829603195
0.0004062782145852853
0.00040589892153496457
0.00039472044480285166
0.00039973077686074495
0.00039512177290912425
0.0004027150052128786
0.0004101890118742964
0.0003866251475031963
0.0003750215101798502
0.0003904101921502167
0.0003878646852006359
0.0003838335010945736
0.0004036658151226792
0.00038535796780899757
0.00038701299437477946
0.0003827735511303961
0.0003897820442125647
0.000377163559578814
0.00040002165565175074
0.0004096171875433885
0.00040852729057141323
0.00040384838641321257
0.00039310112652036745
0.00038403133747797857
0.0003768491217146767
0.00038714961807238336
0.0004020657966594893
0.0003897483680021228
0.00040603113657815883
0.00040170382703607233
0.00040897302734609097
0.00037868942481822333
0.00039779118407288604
0.00041430249334395246
0.00040597715362891343
0.00037440230303003355
0.00041201406775258494
0.00040440842491540514
0.0003756504937585942
0.00041379711244174513
0.0004111931267567187
0.0004111290343779069
0.0003767873824649302
0.0004017569487853391
0.0003899195704389462
0.0003714569981122258
0.00039380149929247655
0.00040769175712100257
0.000400196800376149
0.00041298408523261646
0.00039132855703902583
0.0003880084952925456
0.0004083041501556384
0.000401268173159636
0.00039994692811020683
0.00039930000739450255
0.0004075468729050338
0.00039381095410715426
0.0003927885324713136
0.0004052897429396455
0.0004286818368691118
0.0003974884753193114
0.000408909314813548
0.0003960009504169412
0.000404527105852818
0.0003914543387441394
0.00039918033904674485
0.0004082844201050057
0.0004018925277147852
0.0003985361448337712
0.00039472094223923015
0.00040069088893918684
0.0004155559145903465
0.00039733129871900543
0.0004103907667059961
0.00039495262546206187
0.00040412894959380465
0.00038403135199489575
0.0003913277594443352
0.00041701448681577194
0.0003933312025324741
0.0003945895313579395
0.0003993848316347628
0.00041081181407368885
0.00037848424752210275
0.0004009882443829561
0.0004044094608555096
0.0004031530157897911
0.00038823708619375335
0.0004011202891385064
0.00040778063999453345
0.0004060924303329976
0.00039968237476416875
0.0003854426282335331
0.0004045631487347225
0.00040362000013418036
0.00039359963415494905
0.00039947848413641194
0.00039910243171921536
0.0004040296541848463
0.00041631045032059963
0.0003905150778159363
0.00041372382491897325
0.0004024334662356659
0.0003951426711130631
0.0003948995668898574
0.0003738744737380241
0.0004125788373175687
0.00038717773714569013
0.000407445601380267
0.00040234253341611974
0.0004006425881100601
0.0003923048521663572
0.0003966117203604317
0.00040453700375500754
0.00038639809039208817
0.0004108856911213421
0.00038296529225812084
0.00040660786134225573
0.0003953287434510804
0.00041093186118858443
0.000407347355131994
0.00041842063086025083
0.00039827298431182234
0.0003880949164254862
0.0004231744827175564
0.00041131798452756594
0.0003893526998359332
0.0004069951497332748
0.00039742198769357316
0.0004105976255277244
0.00041223219666376324
0.0003978240212483794
0.0003802473299265331
0.00040682602545871874
0.0004204364367847309
0.00038412641742282194
0.0003858149623656218
0.000418053680928614
0.00039702316739210456
0.00042290733759888237
0.0003987713910455439
0.00040241475779643896
0.0003849058926431849
0.0004098044976414613
0.0004033388821572908
0.00041975342861536285
0.00042836857395247234
0.0004100399201182493
0.0003859797821135455
0.0003879070443040911
0.0003999990532674389
0.0003890253286641548
0.0003948819222906829
0.00042933837901672813
0.0003883759148460334
0.00037962053990717333
0.00041167995999139413
0.00039501847818146796
0.0004013254552735369
0.00040572290722152535
0.00036849998993585133
0.0004211961232138459
0.00040511614404642
0.0003865903057763829
0.0004164570137629736
0.00037858626678916144
0.00040611857866278963
0.000383934729483405
0.00039425418262492497
0.0003837145693779781
0.0003961149130424902
0.00041611326930711775
0.00039260030939530744
0.0004146540665878078
0.00042178661831555143
0.0003941222240699325
0.00041396709782799316
0.0003701006649179664
0.0004037456005574972
0.00039937567089235235
0.0003789587311364605
0.000408510311440167
0.0003886931955242713
0.00039631970251237803
0.0003916304692844121
0.0003829317315943288
0.00039298823734078606
0.0004055220360517141
0.00039422990841465384
0.00038428469820951883
0.0003978415652181527
0.00040536301916873073
0.00039100557075202576
0.00039591729495153663
0.00041157015110658313
0.00039712472161679876
0.0004106628659633588
0.0003894326261784238
0.0004219493151313457
0.0003889048326658131
0.0004006005917647299
0.00041694529621245344
0.00041651874002317994
0.0003995026013423793
0.0003990591759873339
0.0004222421562832657
0.0004136243062647661
0.00039847508014126637
0.0003955623728331815
0.00037850260576366727
0.00040478641973490246
0.00041270090180613834
0.00039672402454681797
0.00038396262643019716
0.0003885130988350179
0.0004135975007867513
0.0004165430112690474
0.00040217071627731473
0.00039664874358999274
0.00042039888149608446
0.00041506132827171297
0.00042404461359982334
0.0003846839585641618
0.0003931447327452598
0.0004070524834578873
0.00039079843310261744
0.00040283617681733487
0.00041124485661330666
0.00038978174182297714
0.0004033138338379604
0.0003784906736212926
0.0003985615855862975
0.0004038372570762861
0.0003772943374946356
0.00039357654662734194
0.00040942166958379155
0.00039892990046586053
0.00040264453215619066
0.00040858342849161975
0.00039936511956544657
0.0003921855325009565
0.00042130554118542315
0.0004106137479260593
0.0003858963375400357
0.0003992264005432809
0.0003777826420083083
0.00040307297357763895
0.0003900271971350927
0.00040430973926514774
0.00039184104684230107
0.0003867142501681864
0.0004180005807926411
0.0004037466650158079
0.0003759705576473632
0.00039998553527713376
0.000380826597051246
0.00041411756547655206
0.00040402384991963786
0.0004066632530332007
0.0003841652791932927
0.00037410511030620304
0.00039676104032446515
0.0003920868382774603
0.00041073372638346584
0.00040135566679755987
0.0003912979499695806
0.00040576773999226074
0.0003981282218324671
0.00038891571909480235
0.00038999878217364743
0.00038974096101419023
0.00039826066636892315
0.00039483934716150296
0.0003987966976571026
0.0003733344270527388
0.00039825570921297153
0.0004196730354458477
0.0004148178491327301
0.00039323744674726446
0.00041695834251832077
0.00038512314486992277
0.0003781557619711247
0.00040021940488446726
0.0003968102903556137
0.0003915537250426331
0.0004119172978403605
0.0004092259456019055
0.00041464274713111447
0.0004206597047207471
0.0004120564394399324
0.00039900487018107135
0.00041751804567591533
0.000407052245733117
0.00041699613280359027
0.0003855079098853047
0.00040903806339368686
0.00040037910536026643
0.0003876194857090501
0.00039972682702259037
0.00039252295175220235
0.0003904123572737295
0.00038940554125645107
0.0003824781854519308
0.0003941628462273878
0.0003909507300826488
0.0003945216775315353
0.0004111340452063682
0.00042514306708253376
0.00041379374452658787
0.00038687594310142065
0.0003888102779098194
0.00040393672584594675
0.00040135603768762923
0.0003840542844090577
0.00041411043113809216
0.00039902379638773883
0.00041141126075516885
0.0004186226777550312
0.00039687095420662356
0.0003957073875588828
0.0004063507706187777
0.00042127040332123064
0.0003978108367836714
0.0004109941718434231
0.0003957116066714175
0.00039948961771187335
0.00037575950811216116
0.0003886450521630877
0.00041889660580283756
0.0004136778028069384
0.00038314806062070045
0.00039100341174325663
0.00039075444054400784
0.0004051419564976774
0.00041007876801341954
0.0004193228894063817
0.00039245510613988285
0.0003925568814390715
0.0003962170502299532
0.00039443992095784206
0.0004200407289007782
0.00037309936027076054
0.00041866564703982236
0.000403694203901129
0.0003789011601380602
0.00042572054926765733
0.00039931433337594963
0.0004223251957511345
0.00037373427398905944
0.0004044410401346074
0.00041321485849060274
0.0004015349030902915
0.0004060492442479238
0.0004017941546167904
0.0003759665561720039
0.00038195705287699373
0.00040949263198739814
0.0004012393604621701
0.0003823954746364355
0.00040820908489610895
0.00040299587962982364
0.00041292967558552803
0.00038141744770008745
0.000397045417872398
0.0004010809255571998
0.00038644288102555977
0.0003965884304425179
0.0003820075363380251
0.00038542156997452216
0.0004056885795009015
0.0004188150534255499
0.0003915084190283099
0.0004046747604391591
0.000409991185647253
0.0004163765008390824
0.00039604066642632977
0.0003906953995046706
0.0003947342490488693
0.00040384818284366593
0.00040487920432840584
0.00040609308673374855
0.0003756152094472109
0.0004011937427844898
0.0003822756197236126
0.00038054364370765457
0.00037790058557397567
0.0003970969222020306
0.0004001521343193758
0.0003911028568080458
0.0004083037508546217
0.0004056043290768514
0.0004166915390005363
0.0003760559196714829
0.0003863120466095977
0.000397667563149211
0.0003901134437479671
0.00038608116240226284
0.00040245544317079533
0.0003901660317333497
0.0003955652739003204
0.0004038505494145171
0.00037979548434445673
0.00039739349138777634
0.0004169037953785583
0.000405519502809082
0.00039408471301229195
0.00036434584147461386
0.00038863547160088694
0.0003710759542787324
0.00039536227454518705
0.0003945352060667964
0.00041013512748942446
0.000386502986769991
0.0003942353494366543
0.0003975133452899333
0.0004058933341179542
0.00039397553075933716
0.00039585048088655676
0.000390972757640728
0.0004058285529993922
0.0003917859126810302
0.00038675557686442485
0.00040528213935767186
0.0004010907685586721
0.00040288266135009033
0.00040828744540765674
0.0003928743151932771
0.00042188569582623077
0.00040614136382904057
0.00039247241506183667
0.00039203077132581553
0.000392236048759627
0.00040549146641173043
0.0004040049152855566
0.00041180091641169103
0.00042055699915496486
0.0004121888132325701
0.00039227972582945496
0.0004059215987983481
0.00038241483894390613
0.00042872099364453715
0.00040396169260182874
0.00039070076747066277
0.0003885296873375965
0.00039011121305647335
0.0004063518838913828
0.00042942084210024307
0.00040459851306185704
0.0003954897499969546
0.00038814640840198337
0.0003900697594023606
0.000400706219094397
0.00039748374996548003
0.00040316210094658344
0.0004215287932102259
0.00040126055051991553
0.00041169462216522076
0.00040704207131772997
0.0004373513170786016
0.0004040211527249278
0.00040977522579095085
0.0004004788792718638
0.0003959864109122563
0.0003890180330266539
0.00039798640146884376
0.00038209362397052116
0.00041122712188391833
0.0003853901793089322
0.0004193691753203561
0.0003937818895657003
0.00041005303711145005
0.000398371495812853
0.0004235553933011722
0.0004069132103467839
0.0004033320092111663
0.0003780878772646315
0.0004031652468295619
0.000398399738364213
0.0003883996337539679
0.0003913382427468098
0.00041267725622486426
0.00039559899616151774
0.0004245457800622412
0.0004229361463616548
0.000398932895821838
0.00043402747994511503
0.00038787959446415096
0.00038223436185576867
0.0003909965690884435
0.0004011667674435176
0.0004081557110901223
0.00040973383214044066
0.000382064744101309
0.00038111420283645065
0.0004108329738348786
0.00039580021925802734
0.0003977285710821444
0.00042145076485756636
0.0004057525929249479
0.0004044661019151867
0.0003890647741766613
0.0003890405370504912
0.00038045946900711297
0.00039341053656858195
0.00039116910489571746
0.000398407609469399
0.0003916268769309548
0.00041080612628444774
0.00039492199357702204
0.00041540576732708727
0.00038742688322614555
0.0003880847227351846
0.00040382557462380743
0.00038629323272395817
0.000408051245853286
0.00038848891297729775
0.00040758424509136827
0.00040505230677076963
0.0004093026980113522
0.0003957119581469225
0.0003883128210512592
0.00040275016046007985
0.00041162714255506294
0.00038167819225275575
0.0004283226744354711
0.00040654996514903114
0.00038697021765798917
0.00039139836228833117
0.0003948332928594734
0.0003946901499359929
0.0003917308483489556
0.000384945665475028
0.0003872772376864531
0.0003967386330578463
0.0003946572080528897
0.00039622193693768037
0.0003813464007261443
0.0003889026406995751
0.0003938185090022688
0.00039569169480007836
0.00041895670498796813
0.0003919926749475811
0.0004129190976445368
0.00040173693589942326
0.0004146646953481488
0.0003970323768251337
0.0004021617890715557
0.00040680762531209927
0.00041196085782241483
0.0004130258357525218
0.00038941843629874495
0.0004219607282458036
0.00042563241652194016
0.0003786513402525107
0.0003968952816141263
0.000408583555319004
0.0003784841634806178
0.00039651186581510727
0.0003974308617610709
0.0003961283808749188
0.00037180363871885957
0.0003895928336479543
0.0003851100931005674
0.0003662191788328938
0.00039072480094775117
0.00040601467676724815
0.00040984530182295843
0.0003988378349927761
0.0004078911163800398
0.0003810932928097397
0.00040646668844220886
0.00039233343992337114
0.00040074814050944987
0.00039207004808482205
0.0004061949892898229
0.00038938664067487174
0.000386945933457035
0.0004075172993952285
0.00039748415000896465
0.00041205529115119434
0.00039742158672872785
0.00043684920408148154
0.0004027760936886001
0.0003986993510291958
0.0004056053578691826
0.0003934460024134847
0.0004098321814137958
0.00039973411377142745
0.00041616152745491114
0.00041762788606294416
0.00040196195205498953
0.000394182264513691
0.00037800004732722187
0.0004107810205978562
0.0003801359169050313
0.00042014114403157385
0.0004141127980621269
0.0004127361974919676
0.0003891212504667403
0.00040276998430222353
0.00040720550609262246
0.000389020179113352
0.0003941649995996586
0.0003910912189549289
0.00039490297382229313
0.0004052859605944474
0.00042267314693460374
0.0003846657365179912
0.0003793043351016142
0.0004149518669782516
0.0004206198129292762
0.00040558438267505214
0.0004174856795910639
0.0004183081529217947
0.0003933308198515287
0.00041933678537800566
0.0003961884531994734
0.0003816858166765978
0.0004109059435634765
0.00040527102794955463
0.0004049991005783985
0.00039704603670181636
0.00038876419095330237
0.0003985788017000889
0.00041086510410110627
0.00040281649487155217
0.0003888429207457992
0.0004079343498965073
0.0004389696625022293
0.00036471701375805375
0.00038104885711475096
0.000407995873992908
0.0003994058846681541
0.000409693219308524
0.0003906899361161766
0.00039617611674343093
0.00040288476932262064
0.0003844382384668161
0.00041003928889035436
0.00040490644974018847
0.00042328362251663995
0.00040033911856060983
0.00040660204863016987
0.0004118268366273461
0.0003817574782120063
0.0004156953917761842
0.0004078639784047844
0.0004254646315936527
0.00038853947770642864
0.00040907496702273353
0.0004190215784013933
0.00038892187628705347
0.00039416962331193244
0.00042234712700418094
0.0004121340781246277
0.00039652180718386727
0.00040511956110831146
0.0003816363861450899
0.00041685339636994534
0.0004101617619114619
0.0003734346281889252
0.0004014485136251813
0.00039209728132545864
0.00040629881774427527
0.00040929413119554145
0.0004051069780684647
0.00037820609827042757
0.0004025809197679777
0.0003828398713803922
0.0003895561054195817
0.0003969079631400019
0.00038982153982799756
0.0004076514056319914
0.0004024445126603976
0.00038109304733906967
0.0004021445053286586
0.00040304900001453763
0.00041399056863112167
0.00040225532056599987
0.00041068684799563823
0.00042560890859396445
0.00038942498620824395
0.0003869647579197198
0.00039242030539973197
0.0004000740610293575
0.0004355684544052309
0.00042332753641170464
0.0003941212388866466
0.00040974125158949607
0.00039406247824731684
0.00039576544753917994
0.0003783524931575217
0.000404754072084222
0.0003875825635894928
0.0004085607593057123
0.0003949996563953456
0.0003816860596852422
0.00038478426181483646
0.000397948426782095
0.00039593584338453374
0.0004120363788661704
0.0004213985471339628
0.0003911763183582565
0.0003852892128408479
0.0004007786510677828
0.00041056280032672845
0.0003961916232063373
0.000397275876564002
0.0004075158134700697
0.00043837648756472636
0.00038225058572779043
0.00040089777352692767
0.00039150887455286306
0.0004024904698204023
0.0003919046617934768
0.000408986431668861
0.0003977197354816999
0.00038900742676910765
0.00041081478944832823
0.0004075147347457545
0.0003886043068007905
0.0004059516186305294
0.0004022438507832563
0.000402212956669116
0.0004067579852056848
0.00039468688805829703
0.00040871773965744294
0.00040504499013731607
0.00041056531108312844
0.0004108834476622606
0.0003948540388531976
0.0003988061641896035
0.00041960827393370886
0.00038429585817340673
0.00040224584383935703
0.00040166438587134533
0.00038998167776237207
0.0003852916245763793
0.000405217838808387
0.000401375117403798
0.0004211480801291471
0.0003902018808344471
0.00041006297656874226
0.0004279386199563333
0.00041636035637005256
0.00036970898649889993
0.0004016325172523795
0.00042011776998141935
0.00042537218246995547
0.0003799961668799339
0.0004066543461719957
0.00040065849907854994
0.00038051353362750175
0.00040831611470540483
0.0003987097822356613
0.0004053977886255359
0.00039451409564317556
0.00038406210355822857
0.0004007608518795989
0.00039660157317119487
0.00040966748107279386
0.00040883501954740354
0.00040325090598982864
0.0004020682281085917
0.00037998637733707165
0.00039581859437077643
0.0003945726506098298
0.0003891329452770873
0.0003934774413288001
0.00039364452643018115
0.0003854349775534727
0.00039087325484785714
0.00040064337501498045
0.0004034879262310656
0.00040249394271033885
0.00041690824964480815
0.00040138957989384766
0.000413687720138149
0.0003682478187824515
0.0004067017944878904
0.0004017088504910511
0.0003991091745598796
0.00040064436892516827
0.0004007661903742888
0.00040228651605372484
0.0004052027853814958
0.0003882929946924667
0.0004044443406532403
0.00040339796952235097
0.0004309082046205278
0.000417677609317613
0.0004007864652090187
0.00040068556777703195
0.00038368168563186777
0.0004017445025021685
0.0004093123284076921
0.00041170280426521135
0.00039379519081766864
0.00039431977534602855
0.0004079158159664925
0.00041080059466417344
0.0004127690542923736
0.0003985571528963084
0.0003859714402190457
0.0004044198879227623
0.00039490159726531714
0.0003938710115216095
0.00039800793194026603
0.0004017917523174032
0.0003783211751018724
0.0004134305291124582
0.00041112133039975353
0.000390907400094587
0.00040329091915150875
0.00040154493627729613
0.00040144434779796283
0.00039108994953217783
0.00039033538211309123
0.00038513303661870087
0.00040123460211951526
0.00038701444598955023
0.00042125423013565937
0.00041031750464597046
0.00038098851173868346
0.0004148137641990536
0.00038641741947967735
0.0004174525604496988
0.0004187041228516361
0.0004061229452812491
0.00037990243327919485
0.00038301808446052424
0.0004116652215501426
0.00039056292270313233
0.00037052424273455696
0.00038486774246358253
0.00040452799750535963
0.00041509768668966126
0.000403054114089718
0.00039047513569068004
0.0004121497497734658
0.0004247495322112308
0.0003862841272701813
0.00042229787554643735
0.00042258666945596844
0.000394274797053117
0.0003960545797776539
0.00042159538624461846
0.00039919999907603743
0.0004052782645364669
0.0003835945715580755
0.00042050120257607526
0.00039902342449564846
0.0003957139735629116
0.0003792259649511621
0.0004230014420866204
0.0003922166938322054
0.00039565316076664006
0.0004112720336869294
0.0003786168883145323
0.0003929235946272638
0.0003996459143167087
0.00041413254389629367
0.0003569637496408067
0.0003877540977997243
0.0004096580797918725
0.000406146821125206
0.0003900491895259333
0.0003917927592413061
0.0004043421663948732
0.00040630386169071
0.00041118661439864894
0.0004112121804786804
0.00039876926368915817
0.00039176865341306554
0.000397213020712065
0.0003838957250947638
0.000384049864531968
0.0004205995085141212
0.00040746510553470416
0.0004040686067372391
0.0004169686774882464
0.0003915816787352495
0.0003922720533802554
0.00041556910426710907
0.00039881572316022366
0.0004111556084621404
0.0004036496144515837
0.0003851383082062152
0.00041687899802030196
0.0003900776560175078
0.0004307531667192556
0.0004046573983622255
0.0003750847345105801
0.0003827872817557714
0.00041658225861369803
0.00039356935613476407
0.00039730781798884843
0.00041323298456754124
0.0003653215428420886
0.00038029611864644295
0.00039468102951006884
0.0004019206821108839
0.0004100158999529432
0.0003762763783617008
0.00039420495016524916
0.00041764045197803464
0.0004056683433148134
0.00039111168858899564
0.00039253820578109974
0.00038334009499907894
0.0003986357113920029
0.0003943362524639596
0.0004042437625057901
0.00042262846776892215
0.0004055727297333205
0.0004154913182752092
0.0003799460420873638
0.0003891235994978557
0.00039734369096403196
0.00038572694121770845
0.0003824791087051124
0.0003869397343003325
0.0004002657071723371
0.0004115031854539119
0.0004031186977979066
0.00038061676415561223
0.0004061142700595966
0.00040469599210467305
0.0004043840640417819
0.0003970104831689475
0.0003971442923809301
0.00039301030524178476
0.0003873420474211766
0.0003992550243327105
0.0004049975725297339
0.00040378737207404726
0.0003937210275357551
0.00040430588473807955
0.0003969165668631744
0.0004126202668319691
0.00040617227675581304
0.00041540050365833375
0.00041443947229474943
0.00037140732198555267
0.00040143723136192635
0.00039743813471427995
0.0003956460308652952
0.00040278802048005586
0.0004239423269511652
0.0004190233912435535
0.00039852558923638104
0.00040597874645540485
0.00039372188090694085
0.00038997235104780854
0.00040742225580401583
0.0003899922005240779
0.0003798959055247664
0.00038506958428816053
0.000377289995921961
0.0003847767275968887
0.00040173567728774283
0.00040866782471955945
0.0003826621879107875
0.00041934545353293756
0.0003871306990899437
0.00038658147556563737
0.00038801004783002954
0.000397413450795992
0.0003985323446358562
0.0004050197577521449
0.00037499304738147483
0.00041531680581051683
0.000398175774817486
0.0003903635592391648
0.0004161365869627724
0.0004053547299164413
0.00038601614537763873
0.0004227840994672796
0.0003789945071984015
0.00038500237334478034
0.0003888305148505385
0.0003763911932708333
0.00039702538313371677
0.0004006431626295246
0.0003721219552543342
0.0004076338196548339
0.0004138388380661043
0.00039407876237757233
0.0004154455180507224
0.00042143583039721925
0.00040956866711263826
0.00041723551523283585
0.0003953855785606156
0.0003818944831382099
0.0003950451808086252
0.000391788630454264
0.00039943217013974417
0.0004127609599599154
0.0003979486811825571
0.00036859192233556695
0.0003801181224732699
0.00040986096817353186
0.00041215581824310363
0.0003865518440270879
0.00041864374466549746
0.00040552803653937667
0.0004188977583308301
0.00040242352074038674
0.0003855681265798702
0.00039619047466955284
0.00038485195119787954
0.00041270267160276774
0.00041297594297486166
0.0004003922622891178
0.0003961905656557227
0.0003842911393297271
0.00039123610801631637
0.0003917418628909967
0.00040275242949303763
0.0003960578351941304
0.0004110271660795295
0.00042807620275025083
0.0004003463139009671
0.00037637492899536096
0.00043015886077495753
0.0004156257866110377
0.0004003111679590818
0.0004277591160153107
0.0004132553331754418
0.000378517942164562
0.00039139417972677447
0.00039092269189439576
0.0003874454415695021
0.0003981517859610767
0.00037949867280633704
0.0003943449731426209
0.00041700526607545493
0.0004137726360839136
0.00040199178686028747
0.0003851252213981837
0.0003990382790124852
0.00039296080554187336
0.0003978719485041121
0.00039298548634984684
0.0003985679083488336
0.0004131475747215735
0.00038634517885917065
0.0004006737975813753
0.00041209570819440445
0.0003775685796175309
0.00035758267614300466
0.0004117552301843169
0.00041393296995468476
0.00040733897197650783
0.0004109283121202779
0.00040499474410545655
0.00039034681186347593
0.00038187582910933273
0.00039454419329661275
0.0003926216601822815
0.0004086307019188612
0.0004278730935447567
0.00042014646341972305
0.0003849815407300489
0.0004194235342579326
0.0003832255333926055
0.00043038060207725416
0.0004020743548290866
0.00038317718732838393
0.00038886381582330554
0.0004192059388285079
0.00038994185913524974
0.0003815493728524738
0.00041784029030710425
0.0003932691796254467
0.0003910778463399635
0.0004155692014312456
0.000386399070195441
0.0003983894408594967
0.00040757129295633114
0.000428051008902986
0.0003848965420573297
0.0004063388284231413
0.0003977367231054769
0.0003887312413683113
0.0004068307398695166
0.0003726607425287507
0.000424973684449298
0.000401704618697112
0.00040688435404652554
0.00041039836817462113
0.0003996884096676263
0.00039413310490691997
0.0004139695337454842
0.0004005263089274561
0.00036974930111188564
0.0003854056432881854
0.0004161193362358473
0.0003816721762071316
0.00041179236125122643
0.00040038830820263594
0.0003807867950191787
0.00040317611198561337
0.00041565492166322084
0.0003931995768103126
0.000402402307992852
0.00036800566670034887
0.0003948556728405673
0.00040388192122951263
0.00039181802891019167
0.0003787003285663645
0.00038916546368593705
0.00042738087929616685
0.00040627384331554063
0.0003908137506189578
0.00039046783421785124
0.00040665759335479227
0.0003949730113099818
0.0004063991237216055
0.00037607002716717345
0.0003982070094412763
0.0004042256577851375
0.00040133871272004124
0.00038998338936938515
0.0003918491144528837
0.00040993114925832054
0.00039730704026673733
0.0004027925271304331
0.00038061487948134413
0.00040484840573065634
0.00038346408888701735
0.0004103641497745352
0.00039934799927632936
0.0004113050835347582
0.00042564157080786293
0.0003941084480791476
0.00041601477567417325
0.00041619678960357905
0.000393428650712217
0.00041171199393051254
0.0003942374443295976
0.0003825657839460263
0.0003752675009864564
0.00039998760392267264
0.0004263788254225564
0.0004047134439010363
0.0004109537153377733
0.0003943000345991232
0.0003927858564780878
0.0004289535033386581
0.0003999215535573991
0.000403324678968619
0.0003850147651147807
0.0003925882397513414
0.0003869389739950892
0.0003979240099790329
0.0003995498615981376
0.0004176927874587117
0.00042610347179781105
0.0003879080730394394
0.00040755434394044906
0.0004069193779513596
0.0003822080807128649
0.0003911578186253333
0.00037798097960568664
0.00040169563434000954
0.00040292945292666623
0.000405446332897729
0.0004035135482858616
0.0003966179510116677
0.00040370268465965225
0.00038700075635491064
0.00038822920340631645
0.0003778658268559962
0.0003906362609357484
0.0003862052640595203
0.00038878832358862805
0.0004364824917094601
0.0003873340799468273
0.0004089490251268495
0.00039804531327561186
0.0004011799040929427
0.0003871777208483144
0.0003956911358316106
0.0003837525584833151
0.0004008455420439853
0.00037406740404804
0.0003871404382041612
0.0003891053243265774
0.00041792697921200006
0.0004111442547183966
0.0004003790120715795
0.0003862553694353629
0.00041242193893338796
0.0003932465924134027
0.00039069784191529146
0.0003930212517538791
0.00039094075883749793
0.0004059721938555659
0.0004077960102848365
0.0003908935808833845
0.00039238899586209263
0.00037817876181126366
0.00039953630555266805
0.0003804191425225298
0.0003989544461991219
0.00038773384603264614
0.0004005074481308344
0.0004095223036557829
0.0003882361391159098
0.00038943523679117574
0.0004049646419599222
0.00039632016524306096
0.0004107071420910326
0.0004041574496323643
0.0003919843524277729
0.00040590501934851625
0.00040873725621859853
0.00040192290495690805
0.00040411946788044124
0.00041667242596297316
0.0003847185344206403
0.000415726023193913
0.0003993177105901613
0.0003935241096374894
0.0004058798545531211
0.00040167076880862497
0.000404500086985155
0.0003907682107309718
0.00040093166121863577
0.00039783893935302
0.0003892127967925711
0.00039543374967616256
0.00040197468424735895
0.00039599343885318456
0.00040353794909361873
0.0004004109980907034
0.0004032066588861435
0.0004100424928804595
0.00038897703461786645
0.0004112391438635417
0.0003628105547012101
0.0004071900705230501
0.000398848138082051
0.00038844310074010027
0.00035949039816732514
0.00040409083866578907
0.00040203648295685375
0.0003958835612999192
0.00040030756673871057
0.00038703109214646643
0.000399659191845913
0.0003707482771801724
0.0004088289431975498
0.0003804078283420321
0.0003870938338771602
0.00041648608701211
0.0003709896214900588
0.00041311377997320137
0.0004121676094888179
0.0004073243462540125
0.00040934170019926556
0.00039654584993567175
0.000419684920209861
0.00039132302569287194
0.00039812148182754046
0.0003910118216818211
0.00038542934302253346
0.0003746379492454978
0.0004006732822672456
0.000389796002309253
0.00042797479351751154
0.00039734798528253583
0.0003964477215096673
0.0004039952483897149
0.0003976854871617734
0.0004062740822458259
0.0003961115529562091
0.0004103319538880147
0.0003999061328226697
0.0003925689383671604
0.00040000072079447827
0.00042629722427961204
0.0004130744256346064
0.00042989705193223325
0.00042641082954978586
0.0004113846163558447
0.0004046830978588404
0.0004053481886738323
0.0004051682934454003
0.000402624451333048
0.00041197373343383086
0.0004252666586111212
0.0004114121239006748
0.00040910241992512343
0.00039402697448774854
0.00040443428502712263
0.0003932652889139856
0.0003902458914772836
0.0003810748320229342
0.0004098317287815863
0.0004060011496238213
0.00041293531545565006
0.0003565049441902119
0.0004133892146072038
0.00038984170457330116
0.00038368990819200857
0.0003915357685606446
0.0003673829204107541
0.00038909874630150117
0.00040204935163961003
0.00042708707033681324
0.0004188883621851349
0.00037610258965905765
0.0003839933469266532
0.000402368346010415
0.00036181565471264486
0.0003788400232102016
0.00040234171094126166
0.00042180826364603753
0.00037749092855728127
0.0004036919871630475
0.0003948605746394461
0.00038759725714386707
0.00040508237204921405
0.0004206386410480189
0.0003926494741872244
0.00039090688154617005
0.00040320584689671927
0.0004040657052751155
0.0004009837982277463
0.0003901336733331491
0.00040110567168239505
0.000415344856532383
0.00041454335974375287
0.0004039207074165051
0.0003820281016261896
0.00041766102809458406
0.0003864524392097923
0.0003712095727869576
0.0004019688704311204
0.00041346047499290296
0.000382374656339826
0.00042716944385178137
0.0004059277973882253
0.00040510581524311255
0.00040902652711430505
0.000422950690540966
0.0004098783191349627
0.0003819002346583529
0.00041082315784976553
0.0003926674596839761
0.00041440968343928826
0.00041596673572627226
0.0004084338703413602
0.00039945440796756044
0.0004111983306477685
0.0003798509858526893
0.00038786129960740847
0.00040841254828100104
0.0003977581273297141
0.0004066181376948544
0.0004019748515675399
0.00040086676923346555
0.00041037904320100467
0.00039895037732857336
0.00040332098167243923
0.0004082923875833032
0.00039673477996222365
0.00039029981416939416
0.00038932579404265925
0.00039244726546652954
0.00040590799846409667
0.000396761626059795
0.0003947925669152934
0.00040640481867574847
0.00039513044388129434
0.00041014131278424527
0.00038022629837743994
0.00040873265325698
0.0004046164300787916
0.0003977814574917729
0.00041018375653395956
0.00038419840553800914
0.000422339992404171
0.0003873640096663011
0.0004054644508630685
0.0004133625443939783
0.00038946646957031345
0.00040299806509372306
0.000392868222381979
0.0003833857759533621
0.00041236646995169616
0.0003709028769500778
0.0004049289576542147
0.00040064295404736904
0.0003904328742578558
0.000404295582158155
0.000416609303087873
0.00039476923793307857
0.00039516572795641694
0.0004138466811615783
0.00042227471680606783
0.0003809663717183684
0.0003827333592603126
0.0003794391165033695
0.00038174646872232
0.00040184276683694786
0.000407228096931349
0.0004056058765573948
0.0004168714537386124
0.0003779902471147366
0.00040278967560726655
0.0003985403428953794
0.00038135001501483505
0.0004170561774007582
0.00039031901499975684
0.00040053383404846333
0.00041306015877233304
0.0003972361415379531
0.000420792026620414
0.0004385002187238933
0.0004025304484414469
0.00039526782920911086
0.0004088401227815689
0.00039941973575400013
0.0003997050020219366
0.00039174383657626264
0.0004073233502589447
0.0004029765049447896
0.0003853297885108008
0.00041527564259700956
0.0003897435012230552
0.0003767603376906836
0.00038001774115735675
0.0004061126343696548
0.0003910829522823802
0.00039179465595998554
0.0003986116048142476
0.0004039180343068509
0.00040960807944987767
0.000401557708635716
0.00040275034418568506
0.00038854228984302986
0.0003967333983807185
0.00039907700745665244
0.0003919291014577237
0.0004162480536754362
0.0003954485233555193
0.0003900720291704264
0.0003957549426795454
0.0003828303078230826
0.0004066016610587299
0.0003860976915708384
0.00039572411546198136
0.0003847374853882949
0.0004091041359587186
0.0003933091392959247
0.0003840335200668801
0.0004251129375089467
0.0004227289776690152
0.00037963535805781454
0.0004062773045668887
0.00040901083040041495
0.0004086252622487777
0.00041425150899820955
0.0004246262079372084
0.00038455056502117546
0.00042702220157368325
0.00041029175547513966
0.00041986448291020276
0.0004113948635571631
0.000397993203386594
0.00040189107992328655
0.00040533624770389804
0.00041154560084520175
0.00040895616021775777
0.0003931453651472464
0.0003795751513029005
0.000396132298209795
0.0004079270376423474
0.0004011157151748025
0.0004146151592424304
0.0003819821017570581
0.00039052189935134417
0.0003981957153417974
0.0003851057429644053
0.0003924003267819779
0.0004103221382280178
0.0003948412228793613
0.0003822501194490409
0.00040478596881598046
0.0003996622736511143
0.00039401991211025317
0.0003944151495677766
0.0004022394961300148
0.00040784209184852835
0.0004173895691256409
0.0003886162250235484
0.0004046333338029962
0.00040153190130573176
0.00039391306396502774
0.0004397836558377449
0.0003909022126571792
0.0003921117730662438
0.00038635164276348995
0.0004113753487958405
0.0003774278485197953
0.00038872413621189475
0.0004151596517638567
0.0004127935550606456
0.0003903263025035524
0.0003911763896087382
0.00039783719630631295
0.00037825112782552525
0.0003914693976821595
0.0004195971776175316
0.00039288587304384863
0.00041465843521867006
0.0003858742752375659
0.0004173653690566832
0.00042518528270891033
0.0003944075412548182
0.000374353462996999
0.0003954544491738235
0.00041269690279407723
0.00038511656461274763
0.00038411515046060364
0.00039784262546439743
0.0003940654878054056
0.00040633351858028737
0.0004008087945780473
0.00040346778035981514
0.00038990857245699176
0.0003837988411417121
0.0003855440957749229
0.0004119129157273408
0.000387017154310626
0.0004206178397740455
0.0004051087824077881
0.00040418550877151417
0.0004029695062747139
0.0003898740151439861
0.0004285693218683144
0.0004057245669571449
0.00038957663419559815
0.00040470477917153657
0.00041708329877596
0.0003901101029955357
0.00041398218688400797
0.0004052650936933484
0.00040184825050568695
0.0003975566819846539
0.00040046109450082927
0.0004106535428384096
0.00040295057941916256
0.00039681619091811896
0.0004168457635557821
0.00038150422864473564
0.00039356756547873864
0.0004070316452241022
0.00039995975292395097
0.0004102850887560322
0.00037047311501039245
0.000383059389530083
0.0004070147996464972
0.00039218651482182616
0.0004084563723401768
0.00041474353940973543
0.0004026054736809213
0.00039165560539505877
0.00039398583398696224
0.00038992162032404484
0.0003985945381842438
0.0004021483649732046
0.00040059716695132195
0.0004094263960752974
0.00042556292410516586
0.0004082787505165843
0.0003978075543111722
0.000399018347856862
0.0004037565643648976
0.0003965041893070653
0.00040596006525445513
0.00037879004716665426
0.000395031684041207
0.0004027032419912258
0.00040885048885698754
0.00037888212623665333
0.0004083193035232895
0.00038901463550269254
0.0004043699135282427
0.000380761101012365
0.0003995494278683786
0.00039119517619908445
0.00039448414732258947
0.00040742356985366823
0.0003961134651314699
0.00039197826551388987
0.00040117901026910554
0.00040113619806423593
0.0003887939711778912
0.00038402264948456387
0.00039848433822520305
0.0004242791935743789
0.0003904146108942668
0.0003658729060771689
0.00040415516798537193
0.0003815162511958911
0.00039850820756220625
0.00041259216498998547
0.0004176626367840657
0.0003973603200574841
0.0004015954803387096
0.0004098835529058778
0.00038094106254493775
0.0004010517622399024
0.0004134069795379176
0.0003856504995468617
0.0004158202730281541
0.0003880809696234257
0.0004054975035045498
0.00039809406983862505
0.00040700735613275526
0.00038609038907615504
0.0003900331262217713
0.0004030623264143671
0.0004139238698507567
0.00037935599940588574
0.0004135125837546057
0.0004228208612340282
0.00042238080946694343
0.00041656252403858703
0.00041133419458162085
0.0004226133197905183
0.0003919443845219912
0.00041460244260662916
0.000401158808083781
0.0004023167582861301
0.00039589675381247004
0.0003794476989247748
0.0003841995163738586
0.00038310717910918965
0.00040227810291607237
0.00039593076379837124
0.0004179435166998153
0.0004112568637176653
0.00039600225874285414
0.00040117603529309055
0.000411273467461253
0.0003818387253649124
