0.03104147791049448
0.01065077040826309
0.026593231223661952
0.02149302131981407
0.02129131627184311
0.031212689118036045
0.0411163781540841
0.041332491909881655
0.032119739959265314
0.020750213412831855
0.015578756912342782
0.04826776580874742
0.020753912836211
0.03247001969718563
0.026623472836231322
0.04653567634709907
0.03760117209860431
0.036359644587877146
0.03644785256645679
0.04320156612824286
0.048931481609091096
0.020974540680223423
0.03196764212473337
0.03600521291608787
0.015708237608463405
0.03153728136561805
0.051591401114440855
0.044305519987676276
0.04498535161203453
0.05255216147445699
